3
-311
-598
-252
793
861
-804
-1836
409
3051
742
-4297
-2885
5108
6187
-4881
-10547
2855
15558
1721
-20381
-9464
23759
20616
-24041
-34855
19365
51077
-7882
-67284
-11882
80554
40653
-87165
-77990
82861
121942
-63283
-168781
24498
212903
36377
-246867
-120579
261594
227137
-246607
-352448
190163
489915
-78901
-629544
-103690
756883
381738
-849479
-799238
863537
1456648
-673704
-2640570
-320086
5331246
8388607
5331246
-320086
-2640570
-673704
1456648
863537
-799238
-849479
381738
756883
-103690
-629544
-78901
489915
190163
-352448
-246607
227137
261594
-120579
-246867
36377
212903
24498
-168781
-63283
121942
82861
-77990
-87165
40653
80554
-11882
-67284
-7882
51077
19365
-34855
-24041
20616
23759
-9464
-20381
1721
15558
2855
-10547
-4881
6187
5108
-2885
-4297
742
3051
409
-1836
-804
861
793
-252
-598
-311
3
0
